1	806	1
1	807	1
1	808	1
1	932	1
2	118	1
2	138	1
2	141	1
2	168	1
2	351	1
2	385	1
2	427	1
2	538	1
2	539	1
2	548	1
2	610	1
2	757	1
2	771	1
2	861	1
2	873	1
2	875	1
2	877	1
2	878	1
2	941	1
2	962	1
3	931	1
4	29	1
4	46	1
4	109	1
4	122	1
4	154	1
4	201	1
4	202	1
4	212	1
4	217	1
4	251	1
4	310	1
4	342	1
4	382	1
4	404	1
4	406	1
4	417	1
4	424	1
4	427	1
4	431	1
4	432	1
4	457	1
4	466	1
4	481	1
4	486	1
4	541	1
4	581	1
4	586	1
4	703	1
4	707	1
4	721	1
4	738	1
4	752	1
4	765	1
4	771	1
4	824	1
4	826	1
4	831	1
4	858	1
4	875	1
4	941	1
4	960	1
4	982	1
4	983	1
4	998	1
4	999	1
4	1001	1
4	1003	1
4	1031	1
4	1034	1
4	1050	1
5	14	1
5	42	1
5	76	1
5	109	1
5	144	1
5	154	1
5	166	1
5	180	1
5	236	1
5	276	1
5	309	1
5	340	1
5	345	1
5	385	1
5	439	1
5	451	1
5	486	1
5	543	1
5	548	1
5	586	1
5	630	1
5	635	1
5	680	1
5	689	1
5	694	1
5	707	1
5	717	1
5	750	1
5	771	1
5	867	1
5	875	1
5	941	1
5	1015	1
6	144	1
6	812	1
7	154	1
7	155	1
7	427	1
8	155	1
8	158	1
8	880	1
9	32	1
9	52	1
9	122	1
9	130	1
9	154	1
9	166	1
9	168	1
9	255	1
9	351	1
9	403	1
9	418	1
9	466	1
9	756	1
9	905	1
9	1016	1
10	141	1
10	255	1
10	404	1
10	874	1
10	875	1
11	20	1
11	120	1
11	154	1
11	197	1
11	201	1
11	244	1
11	255	1
11	299	1
11	310	1
11	371	1
11	377	1
11	385	1
11	404	1
11	406	1
11	427	1
11	452	1
11	527	1
11	541	1
11	610	1
11	613	1
11	671	1
11	694	1
11	717	1
11	764	1
11	771	1
11	802	1
11	858	1
11	861	1
11	867	1
11	874	1
11	971	1
11	1037	1
12	131	1
12	255	1
12	272	1
12	282	1
12	307	1
12	382	1
12	385	1
12	618	1
12	861	1
12	875	1
12	941	1
13	46	1
13	228	1
13	255	1
13	764	1
13	940	1
13	1037	1
14	16	1
14	468	1
14	483	1
14	490	1
14	491	1
14	556	1
14	944	1
14	952	1
14	959	1
14	1035	1
15	11	1
15	72	1
15	80	1
15	89	1
15	152	1
15	166	1
15	186	1
15	351	1
15	452	1
15	456	1
15	457	1
15	459	1
15	647	1
15	711	1
15	732	1
15	752	1
15	755	1
15	765	1
15	813	1
15	830	1
15	849	1
16	122	1
16	154	1
16	168	1
16	304	1
16	382	1
16	385	1
16	717	1
16	832	1
16	858	1
16	875	1
16	941	1
17	658	1
18	20	1
18	63	1
18	138	1
18	154	1
18	168	1
18	251	1
18	285	1
18	301	1
18	310	1
18	372	1
18	382	1
18	404	1
18	427	1
18	428	1
18	460	1
18	463	1
18	466	1
18	481	1
18	486	1
18	527	1
18	539	1
18	548	1
18	577	1
18	654	1
18	671	1
18	683	1
18	703	1
18	709	1
18	761	1
18	764	1
18	771	1
18	812	1
18	824	1
18	826	1
18	867	1
18	918	1
18	930	1
18	936	1
18	941	1
18	975	1
18	999	1
18	1031	1
18	1046	1
19	59	1
19	82	1
19	110	1
19	122	1
19	187	1
19	298	1
19	299	1
19	369	1
19	372	1
19	378	1
19	404	1
19	406	1
19	428	1
19	503	1
19	527	1
19	566	1
19	661	1
19	776	1
19	861	1
19	864	1
19	880	1
19	941	1
20	154	1
20	255	1
20	310	1
20	428	1
20	548	1
20	804	1
20	806	1
20	931	1
20	932	1
20	935	1
20	941	1
21	130	1
21	134	1
21	136	1
21	138	1
21	141	1
21	265	1
21	281	1
21	306	1
21	812	1
21	877	1
21	881	1
21	1020	1
22	122	1
22	154	1
22	880	1
22	941	1
22	1031	1
23	47	1
23	268	1
23	428	1
24	776	1
24	782	1
24	785	1
24	788	1
24	792	1
24	799	1
25	49	1
25	351	1
25	427	1
25	538	1
25	658	1
25	746	1
25	750	1
25	1050	1
26	46	1
26	47	1
26	55	1
26	57	1
26	58	1
26	59	1
26	80	1
26	86	1
26	114	1
26	118	1
26	122	1
26	125	1
26	130	1
26	132	1
26	133	1
26	138	1
26	141	1
26	146	1
26	147	1
26	154	1
26	155	1
26	156	1
26	163	1
26	171	1
26	194	1
26	199	1
26	240	1
26	250	1
26	254	1
26	257	1
26	258	1
26	259	1
26	260	1
26	262	1
26	264	1
26	267	1
26	273	1
26	275	1
26	277	1
26	278	1
26	281	1
26	284	1
26	287	1
26	288	1
26	290	1
26	291	1
26	292	1
26	293	1
26	294	1
26	299	1
26	304	1
26	345	1
26	346	1
26	347	1
26	348	1
26	352	1
26	363	1
26	371	1
26	380	1
26	381	1
26	385	1
26	399	1
26	404	1
26	409	1
26	412	1
26	419	1
26	422	1
26	423	1
26	428	1
26	441	1
26	452	1
26	489	1
26	496	1
26	501	1
26	528	1
26	548	1
26	613	1
26	640	1
26	694	1
26	696	1
26	707	1
26	712	1
26	718	1
26	720	1
26	731	1
26	757	1
26	771	1
26	776	1
26	791	1
26	802	1
26	861	1
26	862	1
26	864	1
26	865	1
26	876	1
26	879	1
26	880	1
26	881	1
26	882	1
26	884	1
26	905	1
26	927	1
26	941	1
26	959	1
26	961	1
26	965	1
26	971	1
26	974	1
26	975	1
26	987	1
26	1016	1
26	1020	1
26	1037	1
27	20	1
27	64	1
27	109	1
27	186	1
27	196	1
27	197	1
27	217	1
27	226	1
27	251	1
27	310	1
27	351	1
27	403	1
27	452	1
27	486	1
27	526	1
27	533	1
27	541	1
27	647	1
27	680	1
27	694	1
27	700	1
27	703	1
27	732	1
27	747	1
27	748	1
27	752	1
27	765	1
27	771	1
27	867	1
27	874	1
27	898	1
27	914	1
27	937	1
27	941	1
27	971	1
27	983	1
27	1001	1
27	1031	1
27	1037	1
28	154	1
28	269	1
28	546	1
28	548	1
28	941	1
28	1031	1
29	26	1
29	44	1
29	110	1
29	122	1
29	144	1
29	187	1
29	202	1
29	215	1
29	226	1
29	345	1
29	420	1
29	444	1
29	457	1
29	467	1
29	489	1
29	534	1
29	541	1
29	581	1
29	615	1
29	640	1
29	649	1
29	673	1
29	750	1
29	769	1
29	785	1
29	792	1
29	795	1
29	801	1
29	874	1
29	946	1
29	982	1
29	1032	1
29	1034	1
30	51	1
30	71	1
30	84	1
30	95	1
30	96	1
30	99	1
30	112	1
30	235	1
30	238	1
30	304	1
30	345	1
30	360	1
30	431	1
30	462	1
30	474	1
30	498	1
30	515	1
30	524	1
30	532	1
31	14	1
31	30	1
31	35	1
31	36	1
31	60	1
31	63	1
31	109	1
31	111	1
31	244	1
31	256	1
31	295	1
31	307	1
31	351	1
31	353	1
31	371	1
31	387	1
31	388	1
31	389	1
31	457	1
31	464	1
31	465	1
31	539	1
31	541	1
31	548	1
31	549	1
31	553	1
31	554	1
31	556	1
31	557	1
31	558	1
31	581	1
31	582	1
31	586	1
31	613	1
31	643	1
31	644	1
31	645	1
31	669	1
31	715	1
31	732	1
31	748	1
31	752	1
31	765	1
31	771	1
31	773	1
31	779	1
31	788	1
31	800	1
31	803	1
31	850	1
31	912	1
31	913	1
31	941	1
31	942	1
31	944	1
31	960	1
31	1024	1
31	1031	1
32	186	1
32	202	1
32	204	1
32	436	1
32	452	1
32	466	1
32	647	1
32	666	1
32	671	1
32	941	1
32	1031	1
33	9	1
33	22	1
33	52	1
33	64	1
33	88	1
33	110	1
33	128	1
33	144	1
33	154	1
33	161	1
33	166	1
33	187	1
33	201	1
33	202	1
33	252	1
33	255	1
33	300	1
33	304	1
33	352	1
33	371	1
33	406	1
33	452	1
33	454	1
33	458	1
33	469	1
33	489	1
33	534	1
33	541	1
33	581	1
33	610	1
33	614	1
33	619	1
33	620	1
33	642	1
33	671	1
33	705	1
33	706	1
33	717	1
33	724	1
33	725	1
33	771	1
33	780	1
33	781	1
33	792	1
33	839	1
33	861	1
33	867	1
33	898	1
33	965	1
33	999	1
33	1031	1
34	427	1
35	310	1
35	375	1
35	804	1
35	930	1
35	964	1
36	382	1
36	436	1
36	812	1
37	20	1
37	49	1
37	229	1
37	252	1
37	310	1
37	624	1
37	625	1
37	631	1
37	688	1
37	771	1
37	803	1
37	809	1
37	851	1
37	930	1
37	1031	1
38	486	1
38	826	1
38	867	1
39	154	1
40	268	1
40	276	1
40	403	1
40	613	1
40	750	1
41	17	1
41	436	1
41	812	1
41	932	1
42	17	1
42	812	1
43	14	1
43	15	1
43	20	1
43	22	1
43	24	1
43	40	1
43	64	1
43	109	1
43	144	1
43	151	1
43	152	1
43	161	1
43	188	1
43	212	1
43	217	1
43	310	1
43	313	1
43	317	1
43	337	1
43	354	1
43	361	1
43	373	1
43	431	1
43	443	1
43	452	1
43	458	1
43	481	1
43	483	1
43	486	1
43	489	1
43	526	1
43	535	1
43	541	1
43	548	1
43	553	1
43	555	1
43	566	1
43	574	1
43	575	1
43	581	1
43	584	1
43	585	1
43	613	1
43	637	1
43	666	1
43	671	1
43	701	1
43	728	1
43	747	1
43	750	1
43	765	1
43	767	1
43	771	1
43	782	1
43	785	1
43	786	1
43	795	1
43	804	1
43	805	1
43	826	1
43	868	1
43	869	1
43	894	1
43	898	1
43	914	1
43	937	1
43	941	1
43	953	1
43	954	1
43	955	1
43	959	1
43	960	1
43	962	1
43	1001	1
43	1031	1
43	1032	1
43	1033	1
43	1034	1
43	1036	1
44	14	1
44	27	1
44	67	1
44	109	1
44	122	1
44	141	1
44	143	1
44	144	1
44	151	1
44	154	1
44	283	1
44	313	1
44	382	1
44	385	1
44	404	1
44	428	1
44	436	1
44	449	1
44	466	1
44	482	1
44	496	1
44	527	1
44	541	1
44	545	1
44	548	1
44	581	1
44	613	1
44	647	1
44	671	1
44	691	1
44	718	1
44	750	1
44	768	1
44	771	1
44	787	1
44	792	1
44	889	1
44	898	1
44	905	1
44	909	1
44	930	1
44	960	1
44	961	1
44	1034	1
44	1037	1
45	78	1
45	753	1
45	913	1
46	371	1
46	553	1
46	557	1
46	558	1
46	599	1
46	771	1
47	385	1
47	452	1
47	548	1
47	747	1
47	1031	1
48	36	1
48	111	1
48	351	1
48	465	1
48	553	1
48	556	1
48	557	1
48	613	1
48	674	1
48	770	1
48	779	1
48	972	1
48	973	1
48	1025	1
49	14	1
49	86	1
49	91	1
49	94	1
49	122	1
49	166	1
49	168	1
49	255	1
49	345	1
49	351	1
49	377	1
49	385	1
49	395	1
49	427	1
49	452	1
49	539	1
49	569	1
49	640	1
49	694	1
49	707	1
49	717	1
49	724	1
49	771	1
49	826	1
49	861	1
49	875	1
49	902	1
49	919	1
49	930	1
49	941	1
49	971	1
50	52	1
50	102	1
50	153	1
50	382	1
50	387	1
50	405	1
50	406	1
50	501	1
50	571	1
50	660	1
50	874	1
50	875	1
50	960	1
50	980	1
50	1016	1
51	49	1
51	75	1
51	88	1
51	122	1
51	130	1
51	146	1
51	154	1
51	194	1
51	221	1
51	224	1
51	247	1
51	255	1
51	272	1
51	278	1
51	299	1
51	304	1
51	338	1
51	351	1
51	363	1
51	371	1
51	385	1
51	398	1
51	404	1
51	409	1
51	414	1
51	418	1
51	427	1
51	428	1
51	440	1
51	492	1
51	539	1
51	609	1
51	703	1
51	717	1
51	724	1
51	729	1
51	730	1
51	734	1
51	771	1
51	825	1
51	826	1
51	859	1
51	861	1
51	873	1
51	875	1
51	880	1
51	884	1
51	901	1
51	905	1
51	911	1
51	965	1
51	1019	1
51	1047	1
52	318	1
52	487	1
52	637	1
52	655	1
52	656	1
52	931	1
53	1	1
53	15	1
53	20	1
53	39	1
53	41	1
53	75	1
53	85	1
53	100	1
53	109	1
53	145	1
53	154	1
53	184	1
53	186	1
53	188	1
53	197	1
53	201	1
53	212	1
53	226	1
53	232	1
53	233	1
53	244	1
53	255	1
53	293	1
53	310	1
53	323	1
53	327	1
53	342	1
53	351	1
53	368	1
53	374	1
53	406	1
53	420	1
53	431	1
53	452	1
53	466	1
53	481	1
53	486	1
53	488	1
53	489	1
53	492	1
53	506	1
53	526	1
53	529	1
53	548	1
53	565	1
53	578	1
53	581	1
53	633	1
53	646	1
53	654	1
53	671	1
53	679	1
53	689	1
53	692	1
53	700	1
53	703	1
53	732	1
53	734	1
53	752	1
53	768	1
53	771	1
53	787	1
53	806	1
53	826	1
53	827	1
53	867	1
53	898	1
53	902	1
53	936	1
53	941	1
53	957	1
53	983	1
53	986	1
53	993	1
53	999	1
53	1022	1
53	1031	1
53	1033	1
54	68	1
54	307	1
54	647	1
54	759	1
54	764	1
54	765	1
54	771	1
54	848	1
54	1038	1
55	50	1
55	76	1
55	144	1
55	222	1
55	248	1
55	311	1
55	319	1
55	321	1
55	326	1
55	390	1
55	403	1
55	487	1
55	565	1
55	655	1
55	687	1
55	737	1
55	748	1
55	777	1
55	804	1
55	806	1
55	826	1
55	827	1
55	931	1
55	932	1
55	942	1
55	957	1
56	310	1
56	434	1
57	310	1
57	434	1
57	748	1
57	804	1
57	941	1
58	7	1
58	20	1
58	42	1
58	46	1
58	53	1
58	58	1
58	109	1
58	118	1
58	120	1
58	122	1
58	128	1
58	129	1
58	154	1
58	160	1
58	161	1
58	163	1
58	167	1
58	168	1
58	186	1
58	188	1
58	201	1
58	212	1
58	217	1
58	220	1
58	226	1
58	240	1
58	253	1
58	255	1
58	334	1
58	349	1
58	351	1
58	363	1
58	377	1
58	382	1
58	384	1
58	385	1
58	406	1
58	412	1
58	414	1
58	418	1
58	428	1
58	431	1
58	450	1
58	452	1
58	478	1
58	486	1
58	489	1
58	508	1
58	516	1
58	527	1
58	533	1
58	539	1
58	541	1
58	542	1
58	544	1
58	548	1
58	566	1
58	573	1
58	581	1
58	595	1
58	605	1
58	607	1
58	613	1
58	617	1
58	647	1
58	653	1
58	671	1
58	696	1
58	700	1
58	717	1
58	718	1
58	719	1
58	734	1
58	746	1
58	750	1
58	756	1
58	762	1
58	764	1
58	771	1
58	803	1
58	813	1
58	826	1
58	840	1
58	842	1
58	851	1
58	858	1
58	862	1
58	863	1
58	864	1
58	874	1
58	875	1
58	880	1
58	885	1
58	896	1
58	898	1
58	929	1
58	940	1
58	941	1
58	944	1
58	956	1
58	959	1
58	962	1
58	965	1
58	977	1
58	991	1
58	1014	1
58	1031	1
58	1032	1
58	1033	1
58	1034	1
58	1037	1
58	1039	1
58	1040	1
58	1051	1
59	20	1
59	122	1
59	406	1
59	541	1
59	671	1
59	941	1
60	45	1
60	122	1
60	247	1
60	363	1
60	375	1
60	377	1
60	395	1
60	630	1
60	682	1
60	717	1
60	724	1
60	875	1
60	919	1
60	979	1
60	999	1
60	1031	1
61	17	1
61	105	1
61	107	1
61	144	1
61	206	1
61	396	1
61	425	1
61	436	1
61	651	1
61	661	1
61	702	1
61	742	1
61	743	1
61	744	1
61	812	1
61	835	1
61	855	1
61	994	1
61	1026	1
61	1044	1
62	17	1
62	122	1
62	144	1
62	239	1
62	304	1
62	363	1
62	427	1
62	436	1
62	452	1
62	538	1
62	569	1
62	706	1
62	812	1
62	826	1
62	875	1
62	905	1
62	965	1
62	985	1
63	6	1
63	12	1
63	13	1
63	14	1
63	46	1
63	47	1
63	52	1
63	58	1
63	64	1
63	76	1
63	86	1
63	88	1
63	91	1
63	93	1
63	109	1
63	114	1
63	118	1
63	121	1
63	122	1
63	124	1
63	129	1
63	130	1
63	132	1
63	154	1
63	168	1
63	170	1
63	184	1
63	186	1
63	187	1
63	193	1
63	201	1
63	211	1
63	228	1
63	245	1
63	248	1
63	252	1
63	254	1
63	281	1
63	293	1
63	299	1
63	300	1
63	304	1
63	345	1
63	352	1
63	354	1
63	363	1
63	364	1
63	373	1
63	382	1
63	385	1
63	387	1
63	393	1
63	403	1
63	406	1
63	412	1
63	418	1
63	423	1
63	427	1
63	428	1
63	439	1
63	452	1
63	457	1
63	466	1
63	481	1
63	486	1
63	498	1
63	519	1
63	527	1
63	533	1
63	537	1
63	539	1
63	540	1
63	541	1
63	548	1
63	569	1
63	581	1
63	609	1
63	612	1
63	617	1
63	625	1
63	630	1
63	647	1
63	671	1
63	693	1
63	706	1
63	717	1
63	724	1
63	730	1
63	732	1
63	733	1
63	738	1
63	752	1
63	755	1
63	756	1
63	765	1
63	766	1
63	771	1
63	776	1
63	804	1
63	814	1
63	820	1
63	826	1
63	836	1
63	841	1
63	858	1
63	861	1
63	874	1
63	875	1
63	876	1
63	882	1
63	911	1
63	915	1
63	919	1
63	930	1
63	936	1
63	941	1
63	959	1
63	971	1
63	1016	1
64	310	1
64	477	1
64	941	1
65	168	1
65	302	1
65	304	1
65	336	1
65	439	1
65	665	1
65	694	1
65	771	1
65	875	1
66	487	1
66	655	1
66	957	1
67	122	1
67	546	1
68	144	1
68	237	1
68	244	1
68	371	1
68	436	1
68	449	1
68	613	1
68	640	1
68	717	1
68	771	1
68	812	1
68	874	1
68	969	1
69	7	1
69	14	1
69	15	1
69	20	1
69	39	1
69	47	1
69	51	1
69	52	1
69	55	1
69	58	1
69	70	1
69	81	1
69	86	1
69	88	1
69	89	1
69	106	1
69	114	1
69	115	1
69	118	1
69	122	1
69	123	1
69	128	1
69	130	1
69	134	1
69	135	1
69	140	1
69	141	1
69	143	1
69	148	1
69	154	1
69	155	1
69	166	1
69	168	1
69	170	1
69	171	1
69	179	1
69	188	1
69	195	1
69	196	1
69	203	1
69	206	1
69	207	1
69	208	1
69	212	1
69	229	1
69	230	1
69	234	1
69	240	1
69	241	1
69	242	1
69	244	1
69	247	1
69	249	1
69	254	1
69	255	1
69	259	1
69	262	1
69	268	1
69	269	1
69	272	1
69	279	1
69	280	1
69	281	1
69	283	1
69	288	1
69	299	1
69	304	1
69	306	1
69	307	1
69	308	1
69	324	1
69	329	1
69	332	1
69	334	1
69	345	1
69	352	1
69	359	1
69	363	1
69	373	1
69	377	1
69	382	1
69	383	1
69	385	1
69	388	1
69	392	1
69	400	1
69	403	1
69	404	1
69	406	1
69	410	1
69	411	1
69	413	1
69	418	1
69	423	1
69	427	1
69	428	1
69	436	1
69	439	1
69	441	1
69	449	1
69	465	1
69	466	1
69	472	1
69	476	1
69	480	1
69	485	1
69	486	1
69	492	1
69	498	1
69	500	1
69	501	1
69	502	1
69	511	1
69	527	1
69	533	1
69	536	1
69	539	1
69	541	1
69	546	1
69	548	1
69	552	1
69	555	1
69	569	1
69	579	1
69	590	1
69	592	1
69	602	1
69	617	1
69	647	1
69	652	1
69	659	1
69	660	1
69	663	1
69	671	1
69	694	1
69	697	1
69	707	1
69	708	1
69	717	1
69	718	1
69	724	1
69	733	1
69	734	1
69	740	1
69	747	1
69	752	1
69	753	1
69	756	1
69	762	1
69	771	1
69	774	1
69	785	1
69	806	1
69	812	1
69	813	1
69	815	1
69	822	1
69	823	1
69	826	1
69	858	1
69	861	1
69	864	1
69	865	1
69	867	1
69	875	1
69	876	1
69	877	1
69	878	1
69	879	1
69	880	1
69	884	1
69	886	1
69	887	1
69	890	1
69	891	1
69	892	1
69	905	1
69	906	1
69	919	1
69	931	1
69	936	1
69	941	1
69	944	1
69	949	1
69	952	1
69	954	1
69	965	1
69	978	1
69	999	1
69	1011	1
69	1016	1
69	1031	1
69	1033	1
69	1037	1
69	1041	1
69	1042	1
70	34	1
70	198	1
70	385	1
70	439	1
70	493	1
70	548	1
70	681	1
70	804	1
70	930	1
70	941	1
71	17	1
71	20	1
71	39	1
71	47	1
71	49	1
71	52	1
71	58	1
71	64	1
71	114	1
71	121	1
71	122	1
71	132	1
71	134	1
71	141	1
71	142	1
71	144	1
71	152	1
71	153	1
71	154	1
71	155	1
71	158	1
71	159	1
71	160	1
71	165	1
71	168	1
71	172	1
71	173	1
71	197	1
71	200	1
71	201	1
71	212	1
71	226	1
71	254	1
71	256	1
71	267	1
71	269	1
71	276	1
71	300	1
71	310	1
71	311	1
71	315	1
71	318	1
71	319	1
71	351	1
71	352	1
71	358	1
71	365	1
71	382	1
71	385	1
71	387	1
71	388	1
71	400	1
71	404	1
71	407	1
71	412	1
71	415	1
71	418	1
71	427	1
71	428	1
71	429	1
71	436	1
71	439	1
71	442	1
71	445	1
71	452	1
71	466	1
71	481	1
71	487	1
71	497	1
71	510	1
71	529	1
71	533	1
71	541	1
71	546	1
71	574	1
71	581	1
71	588	1
71	597	1
71	606	1
71	613	1
71	638	1
71	654	1
71	684	1
71	690	1
71	692	1
71	694	1
71	734	1
71	746	1
71	747	1
71	765	1
71	771	1
71	802	1
71	812	1
71	816	1
71	826	1
71	861	1
71	864	1
71	867	1
71	874	1
71	877	1
71	880	1
71	898	1
71	905	1
71	915	1
71	922	1
71	930	1
71	931	1
71	932	1
71	939	1
71	941	1
71	953	1
71	976	1
71	996	1
71	997	1
71	1001	1
71	1020	1
71	1031	1
71	1032	1
71	1033	1
71	1034	1
72	553	1
72	567	1
73	104	1
73	149	1
73	205	1
73	375	1
73	397	1
73	433	1
73	581	1
73	600	1
73	602	1
73	603	1
73	632	1
73	804	1
73	806	1
73	826	1
73	898	1
73	932	1
74	452	1
74	765	1
74	945	1
74	950	1
74	960	1
75	17	1
75	93	1
75	248	1
75	301	1
75	330	1
75	498	1
75	671	1
75	711	1
75	771	1
75	804	1
75	826	1
75	930	1
75	941	1
76	49	1
76	130	1
76	382	1
76	764	1
76	874	1
77	86	1
77	88	1
77	101	1
77	109	1
77	122	1
77	351	1
77	748	1
77	765	1
77	875	1
77	1001	1
78	130	1
79	201	1
79	310	1
79	481	1
79	671	1
80	457	1
81	201	1
81	936	1
81	1031	1
82	141	1
82	428	1
83	118	1
83	122	1
83	127	1
83	163	1
83	370	1
83	611	1
83	783	1
83	905	1
84	5	1
84	244	1
84	255	1
84	498	1
84	548	1
84	671	1
84	759	1
84	771	1
84	852	1
84	941	1
85	244	1
85	404	1
85	527	1
85	548	1
86	202	1
87	14	1
87	49	1
87	98	1
87	121	1
87	182	1
87	209	1
87	328	1
87	367	1
87	475	1
87	548	1
87	853	1
87	970	1
87	990	1
87	1050	1
88	771	1
88	941	1
88	1031	1
89	806	1
89	932	1
90	316	1
91	52	1
91	154	1
91	382	1
91	406	1
91	427	1
91	486	1
91	548	1
91	717	1
91	734	1
91	771	1
91	858	1
91	968	1
91	1037	1
92	585	1
92	755	1
92	797	1
93	122	1
93	154	1
93	168	1
93	351	1
93	363	1
93	404	1
93	414	1
93	427	1
93	447	1
93	538	1
93	548	1
93	615	1
93	725	1
93	771	1
93	859	1
93	861	1
93	884	1
93	1037	1
94	20	1
94	732	1
94	944	1
95	86	1
95	166	1
95	188	1
95	194	1
95	201	1
95	255	1
95	299	1
95	303	1
95	363	1
95	365	1
95	368	1
95	385	1
95	398	1
95	418	1
95	428	1
95	452	1
95	517	1
95	522	1
95	548	1
95	663	1
95	706	1
95	730	1
95	941	1
95	1031	1
96	17	1
96	20	1
96	481	1
96	867	1
96	941	1
97	351	1
97	385	1
97	717	1
97	730	1
97	861	1
98	154	1
98	188	1
98	252	1
98	385	1
98	427	1
98	450	1
98	481	1
98	541	1
98	613	1
98	663	1
98	761	1
98	861	1
98	875	1
98	940	1
98	963	1
98	1031	1
99	20	1
99	42	1
99	52	1
99	102	1
99	122	1
99	154	1
99	196	1
99	201	1
99	212	1
99	268	1
99	310	1
99	382	1
99	387	1
99	403	1
99	406	1
99	428	1
99	431	1
99	610	1
99	717	1
99	765	1
99	771	1
99	875	1
99	1001	1
100	3	1
100	14	1
100	46	1
100	64	1
100	166	1
100	192	1
100	196	1
100	244	1
100	268	1
100	269	1
100	403	1
100	486	1
100	548	1
100	566	1
100	632	1
100	640	1
100	717	1
100	736	1
100	756	1
100	771	1
100	822	1
100	875	1
100	941	1
100	1027	1
100	1031	1
100	1042	1
100	1047	1
101	7	1
101	17	1
101	32	1
101	42	1
101	46	1
101	52	1
101	60	1
101	86	1
101	88	1
101	154	1
101	166	1
101	194	1
101	255	1
101	268	1
101	270	1
101	299	1
101	303	1
101	304	1
101	351	1
101	363	1
101	371	1
101	385	1
101	402	1
101	404	1
101	406	1
101	466	1
101	472	1
101	486	1
101	501	1
101	527	1
101	539	1
101	548	1
101	613	1
101	694	1
101	706	1
101	717	1
101	724	1
101	747	1
101	756	1
101	765	1
101	826	1
101	838	1
101	867	1
101	875	1
101	941	1
102	144	1
102	436	1
102	812	1
102	1038	1
103	20	1
103	114	1
103	121	1
103	351	1
103	403	1
103	541	1
103	771	1
103	826	1
103	874	1
104	5	1
104	8	1
104	14	1
104	46	1
104	52	1
104	61	1
104	69	1
104	76	1
104	102	1
104	103	1
104	122	1
104	144	1
104	146	1
104	148	1
104	166	1
104	168	1
104	179	1
104	185	1
104	186	1
104	201	1
104	206	1
104	208	1
104	224	1
104	225	1
104	242	1
104	244	1
104	304	1
104	348	1
104	351	1
104	355	1
104	363	1
104	371	1
104	382	1
104	400	1
104	403	1
104	406	1
104	407	1
104	427	1
104	436	1
104	450	1
104	452	1
104	463	1
104	489	1
104	527	1
104	536	1
104	539	1
104	541	1
104	553	1
104	557	1
104	603	1
104	614	1
104	641	1
104	643	1
104	647	1
104	666	1
104	670	1
104	694	1
104	707	1
104	717	1
104	741	1
104	750	1
104	752	1
104	760	1
104	765	1
104	771	1
104	776	1
104	798	1
104	803	1
104	804	1
104	812	1
104	825	1
104	826	1
104	842	1
104	858	1
104	861	1
104	874	1
104	875	1
104	878	1
104	889	1
104	902	1
104	905	1
104	930	1
104	953	1
104	989	1
104	1012	1
104	1031	1
104	1038	1
104	1050	1
105	17	1
105	144	1
105	239	1
105	328	1
105	436	1
106	553	1
106	556	1
106	557	1
107	767	1
107	791	1
108	47	1
108	122	1
108	428	1
108	861	1
109	20	1
109	53	1
109	55	1
109	137	1
109	139	1
109	154	1
109	191	1
109	197	1
109	255	1
109	304	1
109	363	1
109	371	1
109	418	1
109	427	1
109	527	1
109	706	1
109	717	1
109	725	1
109	726	1
109	765	1
109	771	1
109	861	1
109	878	1
109	889	1
109	941	1
109	979	1
109	1031	1
110	154	1
110	385	1
110	548	1
111	449	1
111	465	1
111	553	1
111	556	1
111	557	1
111	773	1
111	934	1
111	1031	1
112	197	1
112	268	1
112	269	1
112	406	1
113	486	1
113	671	1
113	941	1
113	1031	1
114	88	1
114	224	1
114	296	1
114	349	1
114	371	1
114	401	1
114	440	1
114	613	1
114	621	1
114	640	1
114	709	1
114	735	1
114	771	1
115	119	1
115	155	1
115	268	1
115	428	1
115	861	1
115	875	1
116	7	1
116	46	1
116	60	1
116	82	1
116	86	1
116	88	1
116	120	1
116	154	1
116	166	1
116	178	1
116	183	1
116	194	1
116	269	1
116	276	1
116	296	1
116	299	1
116	304	1
116	310	1
116	322	1
116	335	1
116	345	1
116	351	1
116	363	1
116	373	1
116	377	1
116	401	1
116	427	1
116	440	1
116	472	1
116	481	1
116	486	1
116	527	1
116	543	1
116	548	1
116	613	1
116	706	1
116	711	1
116	717	1
116	724	1
116	756	1
116	765	1
116	771	1
116	849	1
116	861	1
116	875	1
116	905	1
116	941	1
116	971	1
116	1016	1
116	1031	1
117	122	1
117	154	1
117	170	1
117	281	1
117	428	1
118	86	1
118	117	1
118	139	1
118	168	1
118	180	1
118	196	1
118	206	1
118	242	1
118	301	1
118	304	1
118	307	1
118	333	1
118	345	1
118	364	1
118	382	1
118	407	1
118	428	1
118	466	1
118	479	1
118	536	1
118	618	1
118	647	1
118	658	1
118	717	1
118	828	1
118	858	1
118	877	1
118	887	1
118	944	1
119	13	1
119	18	1
119	35	1
119	109	1
119	122	1
119	150	1
119	154	1
119	201	1
119	304	1
119	322	1
119	351	1
119	371	1
119	385	1
119	406	1
119	427	1
119	548	1
119	549	1
119	613	1
119	627	1
119	628	1
119	630	1
119	643	1
119	739	1
119	752	1
119	771	1
119	804	1
119	810	1
119	813	1
119	875	1
119	912	1
119	941	1
119	1049	1
120	14	1
120	20	1
120	39	1
120	49	1
120	52	1
120	89	1
120	90	1
120	118	1
120	121	1
120	122	1
120	130	1
120	132	1
120	134	1
120	136	1
120	138	1
120	141	1
120	154	1
120	160	1
120	168	1
120	170	1
120	184	1
120	194	1
120	196	1
120	244	1
120	254	1
120	281	1
120	293	1
120	304	1
120	306	1
120	333	1
120	345	1
120	351	1
120	363	1
120	377	1
120	382	1
120	403	1
120	404	1
120	406	1
120	427	1
120	428	1
120	441	1
120	446	1
120	452	1
120	486	1
120	489	1
120	501	1
120	527	1
120	539	1
120	541	1
120	546	1
120	548	1
120	588	1
120	609	1
120	636	1
120	671	1
120	694	1
120	703	1
120	708	1
120	710	1
120	715	1
120	717	1
120	729	1
120	747	1
120	764	1
120	789	1
120	794	1
120	799	1
120	802	1
120	827	1
120	844	1
120	861	1
120	874	1
120	880	1
120	881	1
120	883	1
120	926	1
120	941	1
120	952	1
120	983	1
120	1020	1
120	1031	1
120	1037	1
121	144	1
121	250	1
121	436	1
121	750	1
121	874	1
121	1037	1
122	168	1
122	255	1
122	304	1
122	406	1
122	427	1
122	610	1
122	745	1
122	861	1
122	863	1
122	864	1
122	867	1
122	875	1
122	930	1
122	955	1
122	957	1
123	14	1
123	52	1
123	64	1
123	86	1
123	122	1
123	166	1
123	351	1
123	363	1
123	398	1
123	414	1
123	419	1
123	434	1
123	447	1
123	501	1
123	541	1
123	610	1
123	717	1
123	730	1
123	748	1
123	756	1
123	771	1
123	873	1
123	875	1
123	905	1
123	965	1
123	971	1
123	1028	1
124	1	1
124	42	1
124	188	1
124	212	1
124	226	1
124	351	1
124	401	1
124	452	1
124	492	1
124	498	1
124	625	1
124	643	1
124	654	1
124	666	1
124	714	1
124	732	1
124	751	1
124	752	1
124	771	1
124	813	1
124	838	1
124	867	1
124	895	1
124	898	1
124	902	1
124	930	1
124	941	1
124	1001	1
125	17	1
125	177	1
125	307	1
125	450	1
125	541	1
125	874	1
125	919	1
125	1030	1
126	154	1
126	382	1
126	385	1
126	428	1
126	548	1
127	13	1
127	14	1
127	154	1
127	356	1
127	771	1
127	919	1
127	941	1
128	88	1
128	128	1
128	423	1
128	706	1
128	884	1
129	52	1
129	121	1
129	122	1
129	154	1
129	168	1
129	304	1
129	351	1
129	427	1
129	541	1
129	543	1
129	548	1
129	610	1
129	706	1
129	717	1
129	730	1
129	756	1
129	771	1
129	861	1
129	875	1
130	86	1
130	427	1
130	539	1
130	771	1
130	861	1
131	941	1
131	1031	1
132	47	1
132	307	1
132	345	1
132	377	1
132	541	1
132	576	1
132	771	1
132	804	1
132	851	1
132	915	1
132	930	1
132	965	1
133	17	1
133	46	1
133	87	1
133	114	1
133	120	1
133	122	1
133	125	1
133	126	1
133	138	1
133	154	1
133	196	1
133	240	1
133	255	1
133	287	1
133	344	1
133	345	1
133	372	1
133	418	1
133	427	1
133	428	1
133	436	1
133	449	1
133	540	1
133	541	1
133	563	1
133	611	1
133	617	1
133	618	1
133	717	1
133	776	1
133	812	1
133	861	1
133	874	1
133	875	1
133	961	1
133	975	1
134	130	1
134	725	1
135	7	1
135	14	1
135	35	1
135	122	1
135	153	1
135	166	1
135	194	1
135	255	1
135	307	1
135	345	1
135	349	1
135	403	1
135	406	1
135	428	1
135	438	1
135	548	1
135	589	1
135	724	1
135	730	1
135	732	1
135	734	1
135	937	1
135	941	1
135	971	1
135	1038	1
136	264	1
136	287	1
136	463	1
136	932	1
137	4	1
137	122	1
137	210	1
137	287	1
137	304	1
137	310	1
137	439	1
137	776	1
137	785	1
137	883	1
137	1009	1
138	190	1
139	49	1
139	52	1
139	144	1
139	154	1
139	155	1
139	158	1
139	163	1
139	168	1
139	272	1
139	281	1
139	304	1
139	363	1
139	403	1
139	406	1
139	559	1
139	564	1
139	568	1
139	707	1
139	748	1
139	771	1
139	861	1
139	875	1
140	52	1
140	75	1
140	76	1
140	85	1
140	86	1
140	88	1
140	122	1
140	144	1
140	155	1
140	158	1
140	163	1
140	168	1
140	181	1
140	276	1
140	304	1
140	363	1
140	382	1
140	400	1
140	403	1
140	427	1
140	428	1
140	440	1
140	541	1
140	548	1
140	559	1
140	564	1
140	660	1
140	694	1
140	706	1
140	707	1
140	717	1
140	748	1
140	771	1
140	806	1
140	819	1
140	858	1
140	861	1
140	874	1
140	875	1
140	940	1
140	941	1
141	68	1
141	581	1
141	666	1
141	912	1
141	1023	1
142	17	1
142	43	1
142	49	1
142	52	1
142	65	1
142	114	1
142	130	1
142	135	1
142	141	1
142	144	1
142	152	1
142	154	1
142	155	1
142	158	1
142	162	1
142	163	1
142	168	1
142	187	1
142	201	1
142	204	1
142	212	1
142	213	1
142	214	1
142	215	1
142	216	1
142	218	1
142	227	1
142	255	1
142	281	1
142	293	1
142	304	1
142	313	1
142	374	1
142	403	1
142	406	1
142	427	1
142	428	1
142	452	1
142	457	1
142	458	1
142	468	1
142	469	1
142	489	1
142	548	1
142	553	1
142	557	1
142	559	1
142	575	1
142	581	1
142	583	1
142	586	1
142	617	1
142	648	1
142	676	1
142	704	1
142	707	1
142	748	1
142	754	1
142	755	1
142	769	1
142	771	1
142	782	1
142	785	1
142	787	1
142	788	1
142	796	1
142	826	1
142	861	1
142	867	1
142	874	1
142	875	1
142	879	1
142	884	1
142	899	1
142	931	1
142	941	1
142	944	1
142	946	1
142	950	1
142	952	1
142	953	1
142	954	1
142	955	1
142	960	1
142	982	1
142	1003	1
142	1009	1
142	1034	1
143	527	1
143	548	1
143	671	1
143	826	1
144	92	1
144	116	1
144	118	1
144	313	1
144	428	1
144	489	1
144	520	1
144	521	1
144	550	1
144	626	1
144	629	1
144	718	1
144	722	1
144	834	1
144	846	1
144	917	1
144	920	1
144	921	1
144	933	1
144	1002	1
144	1009	1
144	1033	1
145	15	1
145	17	1
145	20	1
145	26	1
145	110	1
145	206	1
145	212	1
145	213	1
145	246	1
145	255	1
145	382	1
145	426	1
145	436	1
145	452	1
145	455	1
145	466	1
145	467	1
145	468	1
145	482	1
145	486	1
145	523	1
145	548	1
145	581	1
145	633	1
145	657	1
145	671	1
145	703	1
145	752	1
145	755	1
145	765	1
145	769	1
145	771	1
145	785	1
145	801	1
145	806	1
145	843	1
145	867	1
145	870	1
145	919	1
145	928	1
145	931	1
145	941	1
145	944	1
145	950	1
145	953	1
145	955	1
145	956	1
145	959	1
145	999	1
145	1031	1
145	1033	1
145	1034	1
146	64	1
146	201	1
146	206	1
146	457	1
146	467	1
146	575	1
146	581	1
146	675	1
146	677	1
146	870	1
146	951	1
147	486	1
147	771	1
147	812	1
147	867	1
147	941	1
148	28	1
148	202	1
148	213	1
148	215	1
148	314	1
148	317	1
148	337	1
148	376	1
148	420	1
148	430	1
148	457	1
148	467	1
148	468	1
148	482	1
148	487	1
148	575	1
148	583	1
148	675	1
148	679	1
148	733	1
148	769	1
148	772	1
148	785	1
148	836	1
148	869	1
148	870	1
148	909	1
148	950	1
148	951	1
148	953	1
148	955	1
148	956	1
148	957	1
148	958	1
148	959	1
148	961	1
148	962	1
148	995	1
148	1010	1
148	1034	1
149	14	1
149	52	1
149	501	1
149	857	1
150	109	1
150	118	1
150	123	1
150	130	1
150	489	1
150	581	1
150	613	1
150	756	1
150	765	1
150	856	1
150	867	1
150	941	1
150	1016	1
151	1	1
151	14	1
151	15	1
151	64	1
151	152	1
151	310	1
151	361	1
151	373	1
151	436	1
151	452	1
151	466	1
151	481	1
151	486	1
151	504	1
151	505	1
151	522	1
151	527	1
151	574	1
151	654	1
151	671	1
151	721	1
151	765	1
151	771	1
151	804	1
151	812	1
151	847	1
151	867	1
151	939	1
151	941	1
151	1031	1
152	548	1
152	813	1
153	7	1
153	42	1
153	43	1
153	46	1
153	52	1
153	86	1
153	88	1
153	154	1
153	166	1
153	168	1
153	184	1
153	194	1
153	201	1
153	224	1
153	232	1
153	268	1
153	296	1
153	304	1
153	322	1
153	363	1
153	371	1
153	377	1
153	401	1
153	440	1
153	472	1
153	482	1
153	492	1
153	527	1
153	548	1
153	581	1
153	610	1
153	613	1
153	647	1
153	672	1
153	717	1
153	723	1
153	730	1
153	765	1
153	769	1
153	771	1
153	813	1
153	849	1
153	898	1
153	926	1
153	953	1
153	1031	1
154	14	1
154	52	1
154	122	1
154	184	1
154	269	1
154	310	1
154	357	1
154	427	1
154	428	1
154	439	1
154	569	1
154	717	1
154	721	1
154	724	1
154	756	1
154	771	1
154	826	1
154	849	1
154	877	1
154	902	1
154	916	1
154	930	1
154	936	1
155	14	1
155	20	1
155	31	1
155	46	1
155	47	1
155	52	1
155	59	1
155	62	1
155	63	1
155	88	1
155	93	1
155	113	1
155	122	1
155	125	1
155	127	1
155	130	1
155	133	1
155	136	1
155	148	1
155	154	1
155	166	1
155	168	1
155	170	1
155	172	1
155	183	1
155	184	1
155	186	1
155	194	1
155	212	1
155	220	1
155	223	1
155	240	1
155	241	1
155	268	1
155	271	1
155	281	1
155	289	1
155	296	1
155	304	1
155	306	1
155	307	1
155	310	1
155	345	1
155	349	1
155	351	1
155	357	1
155	363	1
155	365	1
155	373	1
155	382	1
155	384	1
155	385	1
155	400	1
155	402	1
155	407	1
155	427	1
155	428	1
155	464	1
155	466	1
155	481	1
155	486	1
155	493	1
155	501	1
155	509	1
155	512	1
155	514	1
155	526	1
155	527	1
155	530	1
155	536	1
155	539	1
155	541	1
155	543	1
155	544	1
155	548	1
155	559	1
155	581	1
155	593	1
155	596	1
155	617	1
155	618	1
155	625	1
155	631	1
155	658	1
155	659	1
155	660	1
155	665	1
155	671	1
155	685	1
155	693	1
155	698	1
155	707	1
155	716	1
155	724	1
155	734	1
155	738	1
155	771	1
155	776	1
155	802	1
155	813	1
155	817	1
155	821	1
155	842	1
155	848	1
155	858	1
155	861	1
155	867	1
155	871	1
155	874	1
155	875	1
155	877	1
155	878	1
155	897	1
155	914	1
155	915	1
155	919	1
155	936	1
155	938	1
155	941	1
155	966	1
155	1031	1
155	1038	1
155	1050	1
156	14	1
156	403	1
156	464	1
156	548	1
156	912	1
156	941	1
157	20	1
157	82	1
157	310	1
157	432	1
157	481	1
157	733	1
157	765	1
157	769	1
157	771	1
157	898	1
157	982	1
157	983	1
157	1001	1
158	20	1
158	21	1
158	24	1
158	26	1
158	42	1
158	121	1
158	144	1
158	189	1
158	202	1
158	212	1
158	216	1
158	218	1
158	219	1
158	239	1
158	310	1
158	317	1
158	342	1
158	408	1
158	416	1
158	417	1
158	421	1
158	431	1
158	432	1
158	457	1
158	467	1
158	482	1
158	486	1
158	489	1
158	522	1
158	541	1
158	574	1
158	575	1
158	650	1
158	667	1
158	672	1
158	673	1
158	713	1
158	732	1
158	733	1
158	750	1
158	752	1
158	755	1
158	765	1
158	767	1
158	768	1
158	769	1
158	782	1
158	784	1
158	799	1
158	803	1
158	832	1
158	868	1
158	869	1
158	899	1
158	900	1
158	941	1
158	946	1
158	950	1
158	951	1
158	953	1
158	955	1
158	960	1
158	979	1
158	982	1
158	983	1
158	984	1
158	1001	1
158	1003	1
158	1004	1
158	1005	1
158	1006	1
158	1007	1
158	1009	1
158	1031	1
158	1034	1
159	57	1
159	58	1
159	59	1
159	80	1
159	118	1
159	125	1
159	130	1
159	133	1
159	134	1
159	141	1
159	147	1
159	160	1
159	260	1
159	262	1
159	284	1
159	299	1
159	306	1
159	363	1
159	386	1
159	404	1
159	412	1
159	428	1
159	452	1
159	540	1
159	707	1
159	717	1
159	776	1
159	862	1
159	863	1
159	864	1
159	865	1
159	880	1
159	927	1
159	959	1
159	961	1
159	965	1
159	1017	1
159	1020	1
160	470	1
160	581	1
160	727	1
160	785	1
160	867	1
160	957	1
160	1033	1
161	17	1
161	46	1
161	122	1
161	268	1
161	548	1
161	706	1
161	874	1
161	985	1
162	122	1
162	548	1
162	643	1
162	765	1
162	771	1
162	1028	1
163	7	1
163	46	1
163	122	1
163	244	1
163	255	1
163	343	1
163	382	1
163	403	1
163	406	1
163	427	1
163	539	1
163	541	1
163	548	1
163	580	1
163	623	1
163	634	1
163	717	1
163	771	1
163	818	1
163	861	1
163	874	1
163	941	1
163	1031	1
164	47	1
164	255	1
164	363	1
164	941	1
164	971	1
165	91	1
165	114	1
165	187	1
165	287	1
165	305	1
165	351	1
165	403	1
165	529	1
165	592	1
165	765	1
165	771	1
165	889	1
165	1030	1
166	31	1
166	79	1
166	111	1
166	248	1
166	351	1
166	371	1
166	435	1
166	465	1
166	518	1
166	553	1
166	556	1
166	558	1
166	568	1
166	582	1
166	613	1
166	660	1
166	671	1
166	733	1
166	748	1
166	765	1
166	771	1
166	773	1
166	941	1
166	944	1
166	981	1
166	1001	1
166	1023	1
166	1031	1
167	111	1
167	122	1
167	268	1
167	269	1
167	271	1
167	465	1
167	557	1
167	1025	1
168	144	1
168	255	1
168	269	1
168	382	1
168	406	1
168	427	1
168	452	1
168	486	1
168	527	1
168	546	1
168	548	1
168	707	1
168	826	1
168	941	1
168	971	1
168	1031	1
169	10	1
169	16	1
169	83	1
169	128	1
169	379	1
169	382	1
169	489	1
169	527	1
169	536	1
169	615	1
169	680	1
169	725	1
169	877	1
169	923	1
169	941	1
169	1031	1
170	941	1
171	33	1
171	86	1
171	87	1
171	174	1
171	242	1
171	255	1
171	304	1
171	305	1
171	345	1
171	385	1
171	388	1
171	391	1
171	428	1
171	452	1
171	486	1
171	541	1
171	548	1
171	659	1
171	703	1
171	717	1
171	718	1
171	756	1
171	776	1
171	867	1
171	870	1
171	880	1
171	941	1
171	943	1
171	948	1
171	951	1
171	956	1
171	968	1
171	1021	1
171	1031	1
171	1033	1
171	1034	1
172	14	1
172	168	1
172	255	1
172	299	1
172	303	1
172	305	1
172	310	1
172	363	1
172	385	1
172	403	1
172	428	1
172	452	1
172	486	1
172	539	1
172	541	1
172	548	1
172	566	1
172	613	1
172	707	1
172	756	1
172	771	1
172	776	1
172	842	1
172	861	1
172	867	1
172	870	1
172	875	1
172	880	1
172	919	1
172	930	1
172	943	1
172	948	1
172	951	1
172	1031	1
172	1033	1
172	1034	1
173	77	1
173	811	1
173	1029	1
174	66	1
174	99	1
174	109	1
174	114	1
174	154	1
174	197	1
174	385	1
174	484	1
174	486	1
174	525	1
174	548	1
174	569	1
174	594	1
174	622	1
174	663	1
174	771	1
174	826	1
174	837	1
174	908	1
174	925	1
175	47	1
175	63	1
175	122	1
175	144	1
175	266	1
175	302	1
175	303	1
175	304	1
175	325	1
175	339	1
175	385	1
175	405	1
175	427	1
175	428	1
175	437	1
175	439	1
175	461	1
175	473	1
175	497	1
175	513	1
175	541	1
175	572	1
175	598	1
175	601	1
175	602	1
175	603	1
175	604	1
175	608	1
175	625	1
175	631	1
175	692	1
175	717	1
175	738	1
175	752	1
175	804	1
175	826	1
175	853	1
175	860	1
175	866	1
175	874	1
175	895	1
175	919	1
175	930	1
175	941	1
175	1043	1
175	1048	1
175	1050	1
176	46	1
176	52	1
176	304	1
176	717	1
176	819	1
176	875	1
177	17	1
177	125	1
177	144	1
177	155	1
177	299	1
177	304	1
177	403	1
177	404	1
177	428	1
177	539	1
177	553	1
177	642	1
177	664	1
177	758	1
177	771	1
177	773	1
177	775	1
177	812	1
177	819	1
177	861	1
177	865	1
177	870	1
177	907	1
177	941	1
177	957	1
177	962	1
177	1020	1
177	1033	1
178	168	1
178	299	1
178	304	1
178	397	1
178	826	1
178	861	1
179	14	1
179	114	1
179	122	1
179	154	1
179	345	1
179	403	1
179	548	1
179	694	1
179	717	1
179	756	1
179	826	1
180	23	1
180	456	1
180	457	1
180	467	1
180	468	1
180	469	1
180	481	1
180	483	1
180	489	1
180	703	1
180	781	1
180	785	1
180	787	1
180	898	1
180	945	1
180	947	1
180	950	1
180	952	1
180	956	1
180	959	1
180	960	1
180	962	1
180	982	1
180	1003	1
180	1033	1
181	452	1
181	671	1
181	1031	1
182	67	1
182	458	1
182	489	1
182	789	1
182	795	1
182	796	1
182	797	1
182	909	1
182	952	1
182	1008	1
183	52	1
183	122	1
183	154	1
183	168	1
183	427	1
183	472	1
183	543	1
183	875	1
183	941	1
184	14	1
184	20	1
184	45	1
184	82	1
184	122	1
184	153	1
184	184	1
184	201	1
184	212	1
184	243	1
184	255	1
184	287	1
184	299	1
184	302	1
184	310	1
184	349	1
184	372	1
184	375	1
184	394	1
184	427	1
184	452	1
184	481	1
184	486	1
184	489	1
184	527	1
184	531	1
184	548	1
184	574	1
184	581	1
184	616	1
184	665	1
184	671	1
184	709	1
184	765	1
184	769	1
184	771	1
184	776	1
184	785	1
184	826	1
184	854	1
184	862	1
184	867	1
184	898	1
184	919	1
184	921	1
184	936	1
184	941	1
184	969	1
184	1002	1
184	1033	1
184	1045	1
185	671	1
185	804	1
186	74	1
186	76	1
186	130	1
186	159	1
186	164	1
186	175	1
186	225	1
186	255	1
186	300	1
186	304	1
186	331	1
186	414	1
186	462	1
186	486	1
186	494	1
186	495	1
186	527	1
186	548	1
186	556	1
186	566	1
186	613	1
186	617	1
186	686	1
186	693	1
186	862	1
186	888	1
186	950	1
186	961	1
186	968	1
186	971	1
186	1013	1
187	527	1
187	548	1
187	671	1
187	826	1
188	804	1
189	86	1
189	168	1
189	304	1
189	385	1
189	403	1
189	427	1
189	539	1
189	548	1
189	771	1
189	861	1
189	875	1
189	941	1
189	971	1
189	1031	1
190	812	1
191	163	1
191	252	1
191	545	1
192	42	1
192	52	1
192	86	1
192	122	1
192	144	1
192	168	1
192	272	1
192	281	1
192	363	1
192	371	1
192	384	1
192	385	1
192	400	1
192	403	1
192	427	1
192	440	1
192	447	1
192	452	1
192	486	1
192	507	1
192	527	1
192	533	1
192	538	1
192	539	1
192	541	1
192	547	1
192	548	1
192	613	1
192	671	1
192	717	1
192	745	1
192	750	1
192	765	1
192	771	1
192	813	1
192	819	1
192	861	1
192	873	1
192	874	1
192	905	1
192	941	1
192	1019	1
192	1031	1
193	52	1
193	403	1
193	427	1
193	771	1
193	819	1
193	965	1
194	1	1
194	20	1
194	64	1
194	66	1
194	82	1
194	109	1
194	118	1
194	120	1
194	122	1
194	134	1
194	139	1
194	141	1
194	152	1
194	154	1
194	168	1
194	197	1
194	227	1
194	302	1
194	336	1
194	351	1
194	385	1
194	403	1
194	427	1
194	443	1
194	452	1
194	458	1
194	481	1
194	486	1
194	548	1
194	574	1
194	581	1
194	587	1
194	591	1
194	639	1
194	660	1
194	671	1
194	717	1
194	732	1
194	747	1
194	750	1
194	769	1
194	771	1
194	787	1
194	792	1
194	819	1
194	821	1
194	842	1
194	874	1
194	893	1
194	941	1
194	982	1
194	1001	1
194	1031	1
195	538	1
196	15	1
196	20	1
196	42	1
196	43	1
196	204	1
196	212	1
196	317	1
196	432	1
196	444	1
196	452	1
196	453	1
196	457	1
196	481	1
196	548	1
196	581	1
196	671	1
196	672	1
196	677	1
196	678	1
196	747	1
196	765	1
196	771	1
196	778	1
196	782	1
196	788	1
196	791	1
196	867	1
196	898	1
196	930	1
196	941	1
196	1031	1
196	1033	1
197	310	1
197	404	1
197	548	1
198	51	1
198	154	1
198	163	1
198	175	1
198	304	1
198	351	1
198	363	1
198	382	1
198	428	1
198	541	1
198	861	1
198	875	1
198	880	1
199	538	1
199	706	1
199	875	1
199	965	1
200	53	1
200	54	1
200	55	1
200	56	1
200	57	1
200	59	1
200	118	1
200	134	1
200	139	1
200	141	1
200	144	1
200	169	1
200	171	1
200	176	1
200	213	1
200	351	1
200	371	1
200	406	1
200	440	1
200	444	1
200	452	1
200	489	1
200	527	1
200	541	1
200	581	1
200	695	1
200	696	1
200	771	1
200	788	1
200	790	1
200	791	1
200	793	1
200	819	1
200	826	1
200	842	1
200	852	1
200	868	1
200	899	1
200	919	1
200	960	1
200	1005	1
201	17	1
201	154	1
201	255	1
201	397	1
201	427	1
201	452	1
201	548	1
201	771	1
201	857	1
201	1000	1
201	1039	1
202	299	1
202	427	1
202	707	1
203	39	1
203	73	1
203	377	1
203	397	1
203	527	1
203	548	1
203	613	1
203	732	1
203	861	1
203	875	1
203	908	1
203	912	1
204	14	1
204	466	1
204	771	1
204	908	1
205	310	1
205	531	1
205	662	1
205	721	1
206	52	1
206	85	1
206	122	1
206	338	1
206	345	1
206	377	1
206	406	1
206	427	1
206	548	1
206	613	1
206	706	1
206	717	1
206	724	1
206	764	1
206	771	1
206	812	1
206	858	1
206	903	1
206	965	1
206	979	1
207	186	1
207	201	1
207	351	1
207	452	1
207	466	1
207	492	1
207	613	1
207	668	1
207	732	1
207	748	1
207	752	1
207	771	1
207	912	1
207	971	1
208	44	1
208	482	1
208	553	1
208	647	1
208	660	1
208	673	1
208	703	1
208	733	1
208	781	1
208	785	1
208	944	1
208	947	1
208	956	1
209	2	1
209	7	1
209	52	1
209	59	1
209	86	1
209	118	1
209	122	1
209	127	1
209	130	1
209	134	1
209	139	1
209	141	1
209	154	1
209	157	1
209	161	1
209	163	1
209	164	1
209	168	1
209	170	1
209	255	1
209	268	1
209	269	1
209	287	1
209	297	1
209	351	1
209	352	1
209	377	1
209	412	1
209	418	1
209	427	1
209	428	1
209	469	1
209	486	1
209	539	1
209	541	1
209	548	1
209	549	1
209	560	1
209	562	1
209	570	1
209	734	1
209	749	1
209	750	1
209	771	1
209	861	1
209	862	1
209	863	1
209	875	1
209	930	1
209	941	1
209	953	1
209	955	1
209	957	1
209	961	1
209	967	1
209	971	1
209	989	1
209	1031	1
210	14	1
210	20	1
210	31	1
210	47	1
210	52	1
210	86	1
210	109	1
210	118	1
210	126	1
210	132	1
210	134	1
210	154	1
210	155	1
210	166	1
210	170	1
210	183	1
210	196	1
210	215	1
210	219	1
210	261	1
210	262	1
210	263	1
210	267	1
210	277	1
210	288	1
210	293	1
210	295	1
210	302	1
210	304	1
210	310	1
210	317	1
210	341	1
210	350	1
210	363	1
210	372	1
210	400	1
210	404	1
210	406	1
210	407	1
210	418	1
210	427	1
210	428	1
210	434	1
210	466	1
210	489	1
210	493	1
210	527	1
210	531	1
210	536	1
210	539	1
210	541	1
210	548	1
210	549	1
210	551	1
210	556	1
210	560	1
210	561	1
210	562	1
210	564	1
210	566	1
210	586	1
210	610	1
210	617	1
210	621	1
210	630	1
210	632	1
210	671	1
210	673	1
210	694	1
210	707	1
210	717	1
210	718	1
210	724	1
210	756	1
210	771	1
210	776	1
210	784	1
210	804	1
210	826	1
210	839	1
210	861	1
210	864	1
210	865	1
210	872	1
210	880	1
210	883	1
210	904	1
210	908	1
210	919	1
210	930	1
210	940	1
210	941	1
210	954	1
210	965	1
210	971	1
211	30	1
211	47	1
211	48	1
211	52	1
211	86	1
211	108	1
211	120	1
211	122	1
211	130	1
211	144	1
211	153	1
211	154	1
211	163	1
211	166	1
211	167	1
211	168	1
211	170	1
211	179	1
211	194	1
211	195	1
211	196	1
211	224	1
211	240	1
211	244	1
211	247	1
211	248	1
211	251	1
211	254	1
211	268	1
211	269	1
211	272	1
211	274	1
211	277	1
211	281	1
211	286	1
211	288	1
211	303	1
211	304	1
211	305	1
211	307	1
211	332	1
211	345	1
211	351	1
211	364	1
211	371	1
211	382	1
211	385	1
211	400	1
211	404	1
211	406	1
211	418	1
211	427	1
211	428	1
211	448	1
211	449	1
211	457	1
211	459	1
211	465	1
211	472	1
211	486	1
211	498	1
211	499	1
211	536	1
211	539	1
211	541	1
211	545	1
211	548	1
211	581	1
211	617	1
211	647	1
211	671	1
211	694	1
211	707	1
211	708	1
211	721	1
211	733	1
211	747	1
211	750	1
211	753	1
211	756	1
211	763	1
211	771	1
211	826	1
211	833	1
211	858	1
211	861	1
211	863	1
211	874	1
211	875	1
211	877	1
211	880	1
211	884	1
211	905	1
211	924	1
211	931	1
211	941	1
211	944	1
211	953	1
211	975	1
211	978	1
211	979	1
211	992	1
211	998	1
211	1018	1
211	1031	1
211	1042	1
212	19	1
212	25	1
212	37	1
212	97	1
212	312	1
212	320	1
212	464	1
212	465	1
212	548	1
212	553	1
212	556	1
212	699	1
212	930	1
212	944	1
213	122	1
213	427	1
213	539	1
213	771	1
213	875	1
213	941	1
214	141	1
214	154	1
214	548	1
215	318	1
215	319	1
215	362	1
215	487	1
215	655	1
215	771	1
215	931	1
215	957	1
216	38	1
216	231	1
216	310	1
216	341	1
216	366	1
216	471	1
216	740	1
216	829	1
216	845	1
216	866	1
216	910	1
216	988	1
216	1016	1
216	1052	1
217	109	1
217	385	1
217	464	1
217	553	1
217	556	1
217	941	1
218	122	1
218	427	1
218	539	1
218	610	1
218	756	1
218	771	1
218	861	1